6
1.12528
1.12526
1.1252
1.11899
1.12116
1.1209
1.13173
1.12366
1.11554
1.12225
1.12843
1.12366
1.11725
1.12151
1.12574
1.12788
1.13291
1.13189
1.12243
1.12362
1.13062
1.12692
1.13021
1.12851
1.12359
1.11916
1.12646
1.12462
1.12003
1.12959
1.1245
1.12869
1.12063
1.13195
1.12841
1.1248
1.12216
1.12636
1.12583
1.12518
1.12137
1.12798
1.12179
1.12421
1.12968
1.12211
1.12686
1.13355
1.1262
1.12626
1.11762
1.12116
1.12215
1.11943
1.12188
1.12457
1.12492
1.12609
1.12134
1.13024
1.12003
1.12823
1.12825
1.12733
1.12701
1.12594
1.12087
1.11979
1.12555
1.12709
1.13147
1.11921
1.12529
1.13065
1.12121
1.12073
1.11876
1.13009
1.12539
1.12486
1.131
1.12148
1.1193
1.12384
1.13063
1.12363
1.11959
1.12737
1.12009
1.12418
1.12802
1.12224
1.1255
1.12405
1.1259
1.12021
1.12497
1.12403
1.1216
1.12509
1.12499
1.12926
1.12393
1.12575
1.12645
1.1167
1.12372
1.12761
1.12556
1.12163
1.12975
1.12546
1.1195
1.11565
1.12552
1.11988
1.12588
1.13161
1.11768
1.12161
1.12089
1.12002
1.12184
1.11812
1.12182
1.12532
1.12258
1.1271
1.12107
1.12084
1.12239
1.11998
1.11941
1.12327
1.12448
1.12912
1.12252
1.12352
1.12313
1.12322
1.11969
1.1125
1.12221
1.12193
1.12596
1.12357
1.13216
1.12714
1.12387
1.12041
1.12709
1.12525
1.12657
1.11704
1.11992
1.11701
1.12493
1.11477
1.12435
1.12512
1.13024
1.12405
1.12312
1.12506
1.12199
1.11453
1.1247
1.11726
1.12746
1.12468
1.11978
1.11674
1.12492
1.11928
1.12588
1.11818
1.12964
1.12573
1.1204
1.12239
1.12896
1.12902
1.12225
1.1211
1.12131
1.12432
1.1232
1.11823
1.12696
1.12122
1.11465
1.12087
1.12092
1.12017
1.12427
1.12424
1.11476
1.12341
1.12803
1.1294
