7
1.17309
1.17044
1.1714
1.17025
1.16518
1.17162
1.17493
1.16691
1.1655
1.17263
1.16968
1.17061
1.1711
1.17299
1.16927
1.17072
1.17314
1.17362
1.17654
1.16511
1.1728
1.17316
1.1737
1.17198
1.16835
1.17783
1.17446
1.16436
1.17636
1.16693
1.17257
1.17652
1.17093
1.16479
1.17086
1.16974
1.1735
1.16902
1.17381
1.1709
1.17281
1.16456
1.16521
1.16917
1.16216
1.17387
1.16851
1.17099
1.16811
1.17359
1.17089
1.17916
1.16745
1.16708
1.1691
1.17212
1.16754
1.16934
1.17317
1.1727
1.16362
1.17061
1.16933
1.16423
1.16982
1.17065
1.16346
1.17084
1.16778
1.17267
1.16496
1.17348
1.16916
1.16476
1.17262
1.17278
1.16453
1.17514
1.17116
1.17405
1.17278
1.17321
1.16545
1.17009
1.16862
1.16289
1.16899
1.16805
1.1769
1.17469
1.1633
1.17067
1.16907
1.17101
1.17196
1.17114
1.16961
1.17437
1.17367
1.17226
1.1665
1.17105
1.1726
1.1632
1.17403
1.16959
1.16894
1.16933
1.17144
1.15875
1.16828
1.17591
1.16194
1.16941
1.17401
1.17473
1.16953
1.16814
1.17279
1.1701
1.17036
1.17219
1.16707
1.17224
1.15987
1.16964
1.16963
1.17403
1.17769
1.17096
1.16885
1.16528
1.16896
1.17019
1.16797
1.17535
1.16936
1.16778
1.17221
1.17033
1.17271
1.16338
1.16809
1.17125
1.17255
1.16757
1.16474
1.17347
1.17118
1.17373
1.16873
1.16783
1.17306
1.16893
1.17466
1.16361
1.17268
1.17122
1.17162
1.17149
1.16706
1.16902
1.16839
1.172
1.17406
1.16623
1.17168
1.17049
1.16736
1.16724
1.17088
1.16922
1.17581
1.16387
1.17354
1.1705
1.17185
1.16757
1.16908
1.17476
1.16683
1.1706
1.16821
1.17411
1.16297
1.17169
1.17136
1.17251
1.16913
1.17082
1.1715
1.16481
1.16992
1.17048
1.16983
1.17401
1.1712
1.16986
1.16756
1.1748
