3
0.918115
0.922014
0.918525
0.916939
0.909898
0.91921
0.918029
0.914744
0.909203
0.915965
0.90815
0.914953
0.917408
0.909919
0.918083
0.919155
0.914325
0.914468
0.927579
0.917804
0.915707
0.916254
0.918049
0.909385
0.919615
0.910243
0.918343
0.91996
0.919207
0.914828
0.918311
0.914949
0.918797
0.920398
0.920429
0.917059
0.914099
0.915068
0.914106
0.915777
0.916473
0.91586
0.918298
0.909874
0.91263
0.916396
0.914456
0.918479
0.91744
0.90977
0.915267
0.915614
0.921381
0.912441
0.912602
0.915419
0.917475
0.918324
0.921116
0.921301
0.917001
0.912982
0.918701
0.91523
0.913418
0.920047
0.914949
0.921976
0.916919
0.917354
0.911927
0.910631
0.917809
0.921373
0.911799
0.920647
0.919184
0.919147
0.918084
0.91685
0.91322
0.912735
0.919538
0.912217
0.912805
0.910157
0.916507
0.918278
0.907746
0.914021
0.909301
0.92107
0.912805
0.912785
0.920644
0.915416
0.916256
0.912141
0.913533
0.918154
0.922488
0.920376
0.915202
0.91175
0.919241
0.919622
0.913558
0.915435
0.912543
0.918365
0.923556
0.913918
0.918467
0.910975
0.920294
0.910306
0.920471
0.911649
0.91949
0.909268
0.914749
0.911509
0.91863
0.909468
0.916722
0.923034
0.921876
0.91526
0.917385
0.909526
0.910073
0.913553
0.913262
0.908888
0.910938
0.914501
0.917163
0.918686
0.924667
0.913578
0.915535
0.909921
0.916991
0.910896
0.919306
0.914147
0.913039
0.917323
0.914263
0.915711
0.922965
0.918287
0.917632
0.912406
0.917175
0.917043
0.918009
0.91564
0.912747
0.914
0.913015
0.913778
0.916358
0.916702
0.914597
0.920376
0.912322
0.921691
0.917588
0.912043
0.917672
0.911461
0.913528
0.918271
0.919165
0.920549
0.908442
0.926028
0.9082
0.919542
0.919213
0.919067
0.914679
0.922728
0.914472
0.916392
0.915944
0.912364
0.920114
0.916827
0.915931
0.916797
0.911284
0.914596
0.917502
0.911524
0.914054
0.916585
0.916472
0.919103
