2
0.865009
0.864616
0.870796
0.87459
0.87174
0.866248
0.870848
0.871403
0.868025
0.864369
0.871193
0.869465
0.875844
0.863529
0.866274
0.867495
0.87106
0.874054
0.869825
0.873056
0.869132
0.858667
0.862314
0.869781
0.872008
0.872927
0.868538
0.866498
0.864745
0.865077
0.866685
0.869321
0.870756
0.87669
0.878842
0.865676
0.870901
0.867667
0.869438
0.873382
0.866862
0.865139
0.866166
0.867433
0.872867
0.873114
0.869666
0.870151
0.86947
0.861512
0.874991
0.863878
0.870321
0.864024
0.867569
0.868302
0.86678
0.865851
0.86494
0.861016
0.863512
0.869729
0.869502
0.872742
0.867608
0.865748
0.871945
0.864984
0.864453
0.865479
0.873838
0.87611
0.871013
0.863678
0.862443
0.866813
0.86477
0.866307
0.874561
0.86873
0.870162
0.873654
0.868692
0.875037
0.865322
0.869767
0.869504
0.866965
0.869331
0.868375
0.866648
0.872467
0.869403
0.871634
0.863514
0.868431
0.865564
0.863899
0.862381
0.87089
0.866743
0.871341
0.866529
0.873949
0.862776
0.872973
0.86885
0.865608
0.860402
0.864659
0.870269
0.868995
0.873547
0.868123
0.869417
0.869335
0.870843
0.865115
0.867771
0.86685
0.870769
0.866084
0.872328
0.869205
0.871018
0.868358
0.867372
0.869043
0.872311
0.865533
0.876053
0.871374
0.862794
0.868559
0.86514
0.870446
0.861208
0.866585
0.866239
0.864457
0.859132
0.872154
0.872405
0.868063
0.870672
0.871728
0.865263
0.866412
0.863474
0.866665
0.873045
0.865783
0.867975
0.868833
0.870158
0.873816
0.861434
0.866432
0.854748
0.872892
0.868406
0.874179
0.869715
0.866009
0.872536
0.867723
0.870579
0.871504
0.871319
0.87245
0.867257
0.866143
0.874195
0.868422
0.871527
0.871066
0.868083
0.868686
0.871968
0.8752
0.86881
0.864112
0.868482
0.870805
0.86785
0.859715
0.873323
0.861572
0.865473
0.875154
0.862658
0.871657
0.872442
0.868342
0.86317
0.875765
0.864795
0.869969
0.870747
0.869776
