4
0.929848
0.929221
0.938222
0.932939
0.93288
0.934309
0.929868
0.925775
0.937927
0.933992
0.936319
0.933704
0.926314
0.941258
0.930527
0.93635
0.934365
0.932865
0.935026
0.933002
0.926386
0.935188
0.934033
0.933161
0.938336
0.935239
0.9363
0.937545
0.930512
0.941864
0.935996
0.932709
0.929815
0.939503
0.935109
0.929986
0.936666
0.93732
0.928979
0.933391
0.934484
0.930637
0.938045
0.934495
0.935508
0.933975
0.939846
0.931501
0.937542
0.939633
0.935471
0.933771
0.935933
0.929293
0.936062
0.932975
0.937205
0.933318
0.930167
0.933248
0.929963
0.934108
0.931787
0.932986
0.934113
0.932588
0.929751
0.94098
0.935705
0.937534
0.934102
0.92665
0.935391
0.930688
0.933562
0.938902
0.935073
0.937942
0.931205
0.941401
0.935472
0.93015
0.928076
0.926858
0.935368
0.936057
0.938411
0.940411
0.936939
0.933864
0.930517
0.935853
0.936103
0.935575
0.928177
0.929918
0.933825
0.941786
0.930444
0.937589
0.932388
0.936845
0.930778
0.938326
0.935591
0.934815
0.939597
0.931904
0.931321
0.93316
0.933039
0.924713
0.935418
0.932944
0.932795
0.936385
0.942295
0.938022
0.936612
0.926887
0.939391
0.926344
0.93159
0.929091
0.931785
0.937957
0.935915
0.92611
0.927449
0.924778
0.930707
0.927083
0.924628
0.937768
0.941736
0.937352
0.932494
0.938609
0.932132
0.934131
0.928386
0.937189
0.933065
0.92849
0.932477
0.932839
0.928794
0.931715
0.928297
0.932508
0.936658
0.933536
0.937625
0.935473
0.936547
0.932887
0.932393
0.93019
0.931272
0.940699
0.932942
0.928391
0.932455
0.933034
0.935695
0.938422
0.932885
0.93059
0.938062
0.932387
0.923815
0.939834
0.940098
0.923087
0.927709
0.930907
0.932548
0.936194
0.932004
0.934646
0.934504
0.939293
0.938365
0.930481
0.93503
0.934754
0.934067
0.94381
0.933667
0.934853
0.936718
0.932991
0.935622
0.92947
0.933101
0.932096
0.932281
0.932648
0.926006
0.930208
