8
1.18714
1.18452
1.19024
1.18682
1.18919
1.18684
1.18318
1.18277
1.18801
1.18877
1.18881
1.19131
1.18764
1.19823
1.18914
1.19117
1.1861
1.18313
1.19156
1.19362
1.18884
1.18998
1.1941
1.19638
1.19545
1.19428
1.19422
1.19409
1.19098
1.1872
1.19164
1.18394
1.19233
1.18594
1.19224
1.18175
1.19075
1.19227
1.18854
1.189
1.18773
1.18687
1.18513
1.19031
1.19141
1.1901
1.18906
1.19037
1.1831
1.1852
1.18862
1.19851
1.18771
1.19104
1.19258
1.18946
1.18685
1.19486
1.19108
1.19147
1.1882
1.1871
1.19045
1.1936
1.18592
1.18447
1.18423
1.18783
1.19055
1.18834
1.19114
1.19529
1.1913
1.18947
1.19424
1.19248
1.18716
1.19272
1.18624
1.18706
1.19376
1.18364
1.1957
1.19027
1.18944
1.18929
1.18902
1.18547
1.18051
1.18416
1.19541
1.19185
1.18854
1.18502
1.17875
1.19128
1.19309
1.18986
1.18779
1.18641
1.19392
1.18767
1.18758
1.18757
1.18629
1.19081
1.19042
1.18789
1.18972
1.1906
1.18631
1.18649
1.18984
1.18666
1.18939
1.19382
1.18452
1.18728
1.18899
1.18963
1.18807
1.19665
1.18941
1.18294
1.19417
1.19169
1.19173
1.19106
1.19424
1.19068
1.19525
1.18012
1.18465
1.18529
1.19575
1.18358
1.19157
1.19361
1.19819
1.19411
1.19359
1.19874
1.18811
1.18505
1.19826
1.19389
1.18216
1.18827
1.19249
1.19051
1.1963
1.19239
1.19227
1.19167
1.19154
1.19177
1.18797
1.18459
1.19102
1.18498
1.19354
1.18317
1.19256
1.18452
1.19602
1.1842
1.19113
1.19354
1.18779
1.19021
1.19037
1.18783
1.19375
1.18619
1.19328
1.19325
1.18942
1.1952
1.19663
1.18661
1.19077
1.18916
1.185
1.18812
1.18518
1.19231
1.1877
1.19729
1.1894
1.18523
1.1876
1.19219
1.18984
1.18335
1.18941
1.18682
1.18685
1.19129
1.19012
1.18029
