9
1.0917
1.09996
1.10247
1.09687
1.09087
1.09662
1.09915
1.09974
1.09557
1.0892
1.09829
1.10671
1.09946
1.10202
1.09695
1.09964
1.09412
1.09165
1.10155
1.10455
1.09577
1.09861
1.10037
1.10061
1.09321
1.09901
1.10155
1.1001
1.09314
1.09816
1.096
1.09814
1.09864
1.0946
1.10199
1.09297
1.09475
1.09453
1.10318
1.09734
1.09826
1.09571
1.09624
1.09591
1.10015
1.10131
1.09627
1.09896
1.10061
1.09324
1.09535
1.09767
1.0993
1.10069
1.09703
1.09414
1.10284
1.0963
1.09648
1.09719
1.09472
1.10058
1.097
1.08686
1.10075
1.09829
1.10015
1.0953
1.09439
1.09626
1.09676
1.09323
1.10145
1.09785
1.09237
1.10194
1.10057
1.10454
1.09137
1.09734
1.09992
1.09574
1.09237
1.09102
1.0937
1.09581
1.09546
1.09393
1.09801
1.09736
1.1009
1.09159
1.10207
1.09123
1.09965
1.09212
1.10043
1.09832
1.09731
1.09765
1.09487
1.09545
1.0997
1.10029
1.09433
1.0964
1.09852
1.09379
1.1002
1.10145
1.08754
1.10223
1.09539
1.10178
1.09943
1.09492
1.09695
1.10539
1.09824
1.10043
1.10525
1.09351
1.10002
1.09478
1.09705
1.09954
1.09435
1.09988
1.09504
1.0955
1.09585
1.09736
1.09701
1.10413
1.09613
1.095
1.10161
1.10184
1.09856
1.09944
1.09655
1.0984
1.09443
1.10299
1.09772
1.09443
1.09528
1.10097
1.10168
1.09206
1.08615
1.09699
1.09704
1.10516
1.09485
1.09906
1.09243
1.09862
1.0958
1.1
1.10052
1.09956
1.09433
1.10178
1.09809
1.10014
1.09725
1.09612
1.09517
1.09592
1.09643
1.10412
1.09537
1.09861
1.0985
1.09978
1.09919
1.1025
1.09453
1.10038
1.09297
1.10046
1.10296
1.11012
1.10358
1.09613
1.09525
1.09202
1.10686
1.10356
1.10067
1.09629
1.09854
1.09588
1.09988
1.09589
1.10438
1.10232
1.09579
1.09255
