1
1.04242
1.04241
1.0477
1.04609
1.04531
1.04897
1.04534
1.04423
1.04351
1.04246
1.03867
1.04799
1.04085
1.04697
1.04779
1.04256
1.04341
1.05086
1.04037
1.04287
1.04145
1.04415
1.04006
1.04745
1.04169
1.03801
1.04013
1.04223
1.0446
1.0385
1.04758
1.03727
1.0489
1.03704
1.04412
1.04013
1.04681
1.04343
1.04393
1.04154
1.0387
1.05029
1.04113
1.04701
1.04275
1.05215
1.03775
1.04356
1.04749
1.03839
1.05101
1.04921
1.04146
1.03957
1.04264
1.0451
1.04312
1.03984
1.05083
1.04206
1.05445
1.0414
1.05103
1.04367
1.04106
1.0398
1.04762
1.03993
1.0492
1.04479
1.04563
1.03986
1.0456
1.04511
1.0354
1.03875
1.04481
1.04649
1.05051
1.04618
1.04861
1.05108
1.04149
1.04048
1.04332
1.04431
1.04513
1.04406
1.03914
1.05247
1.04132
1.04092
1.04661
1.04572
1.04959
1.03987
1.04799
1.0444
1.04387
1.04511
1.04449
1.03641
1.04222
1.03811
1.03983
1.04751
1.0449
1.04387
1.04107
1.04378
1.04202
1.04406
1.04336
1.04148
1.03879
1.042
1.04063
1.03698
1.04725
1.04034
1.04649
1.03741
1.04494
1.04508
1.04069
1.03574
1.04615
1.04445
1.04114
1.05062
1.03842
1.04225
1.04523
1.03747
1.03915
1.04108
1.04052
1.0471
1.05269
1.03947
1.04756
1.04508
1.03846
1.0468
1.04739
1.0468
1.04518
1.04585
1.04653
1.04311
1.03852
1.04299
1.04549
1.04173
1.05002
1.04168
1.0441
1.04343
1.05025
1.04265
1.04378
1.04352
1.04858
1.04681
1.04468
1.04624
1.04833
1.04251
1.04089
1.04321
1.05098
1.03979
1.04956
1.04169
1.04501
1.04415
1.04021
1.0492
1.04201
1.04705
1.04031
1.04669
1.03498
1.04896
1.04677
1.04637
1.03884
1.04688
1.04008
1.04157
1.04238
1.03697
1.04189
1.04151
1.04527
1.04142
1.04555
1.04755
1.04017
1.0454
