5
0.849627
0.835915
0.839927
0.840662
0.84399
0.835973
0.840774
0.845643
0.839753
0.84597
0.836357
0.843288
0.842387
0.843757
0.836024
0.845574
0.841125
0.843282
0.840394
0.847065
0.843931
0.843859
0.844554
0.839831
0.836689
0.836756
0.84213
0.834391
0.846148
0.841015
0.841516
0.839938
0.846619
0.838729
0.836543
0.836968
0.843575
0.834905
0.8468
0.842255
0.835054
0.844863
0.83897
0.838382
0.845874
0.834308
0.842878
0.841863
0.837064
0.838986
0.839794
0.840435
0.83865
0.852968
0.842953
0.84385
0.841566
0.83764
0.841754
0.844573
0.841853
0.844294
0.837587
0.837388
0.838907
0.839229
0.844574
0.845629
0.841292
0.842572
0.839411
0.845164
0.846333
0.842819
0.831633
0.842417
0.838258
0.843197
0.853269
0.841692
0.843744
0.840058
0.840204
0.841171
0.844012
0.843652
0.83542
0.843858
0.850699
0.845767
0.842836
0.84571
0.840427
0.844286
0.843206
0.841018
0.840885
0.838865
0.838128
0.841366
0.846699
0.843801
0.837428
0.844727
0.839318
0.839031
0.841236
0.844298
0.84059
0.846413
0.838098
0.834872
0.841326
0.835381
0.842566
0.83724
0.844409
0.834379
0.844128
0.835704
0.837246
0.844012
0.842581
0.843115
0.840556
0.840448
0.845798
0.845474
0.844856
0.838511
0.843842
0.852673
0.838736
0.840202
0.844377
0.838015
0.836714
0.845264
0.837424
0.849658
0.844275
0.843534
0.842077
0.838949
0.842153
0.835514
0.842416
0.834522
0.847197
0.847393
0.839344
0.846601
0.844352
0.836495
0.841988
0.845054
0.84132
0.845106
0.849537
0.845795
0.841912
0.841154
0.84693
0.840963
0.840439
0.841913
0.841511
0.844532
0.844414
0.836145
0.840272
0.840131
0.839319
0.839842
0.841325
0.834221
0.844984
0.849353
0.844623
0.844133
0.844569
0.839731
0.844012
0.844269
0.846586
0.843431
0.84186
0.84367
0.841269
0.841364
0.849736
0.846947
0.839856
0.843615
0.836349
0.838151
0.841431
0.838488
0.843121
0.839572
